   cycle   grass rabbits   foxes
--------------------------------
       0     264     151     130     142
       1    1390     230     212     257
       2    2113     355     281     382
       3    2267     293     315     398
       4    2304     243     302     447
       5    2327     208     224     308
       6    2457     260     253     383
       7    2494     224     204     293
       8    2573     188     214     361
       9    2605     146     225     326
      10    2623     179     228     391
      11    2633     151     198     305
      12    2691     126     195     367
      13    2711     100     181     292
      14    2770     122     179     352
      15    2780     107     196     342
      16    2793      94     167     342
      17    2813      77     162     337
      18    2829     100     151     328
      19    2844      86     155     320
      20    2858      75     138     332
      21    2875      64     155     344
      22    2889      85     133     347
      23    2901      76     131     329
      24    2911      67     117     322
      25    2927      58     120     311
      26    2939      77     120     335
      27    2949      67     128     331
      28    2955      63     114     356
      29    2960      57     108     308
      30    2974      77     108     313
      31    2982      67     105     274
      32    2997      63     107     318
      33    3000      57     120     304
      34    3006      77     106     326
      35    3009      67     102     300
      36    3009      63     101     293
      37    3010      57     100     278
      38    3012      77     103     309
      39    3013      67     115     309
      40    3013      63     102     324
      41    3014      57      99     297
      42    3015      77      99     293
      43    3015      67      97     280
      44    3015      63     101     309
      45    3015      57     113     310
      46    3015      77     100     323
      47    3015      67      96     301
      48    3015      63      97     291
      49    3019      57      96     277
      50    3019      77     100     310
      51    3019      67     112     307
      52    3020      63     100     321
      53    3020      57      96     296
      54    3020      77      97     290
      55    3021      67      96     275
      56    3021      63     100     308
      57    3021      57     112     306
      58    3021      77     100     320
      59    3021      67      96     295
      60    3021      63      97     290
      61    3021      57      96     275
      62    3021      77     100     308
      63    3021      67     112     306
      64    3021      63     100     320
      65    3021      57      96     295
      66    3021      77      97     290
      67    3021      67      96     275
      68    3021      63     100     308
      69    3021      57     112     306
      70    3021      77     100     320
      71    3021      67      96     295
      72    3021      63      97     290
      73    3021      57      96     275
      74    3021      77     100     308
      75    3021      67     112     306
      76    3021      63     100     320
      77    3021      57      96     295
      78    3021      77      97     290
      79    3021      67      96     275
      80    3021      63     100     308
      81    3021      57     112     306
      82    3021      77     100     320
      83    3021      67      96     295
      84    3021      63      97     290
      85    3021      57      96     275
      86    3021      77     100     308
      87    3021      67     112     306
      88    3021      63     100     320
      89    3021      57      96     295
      90    3021      77      97     290
      91    3021      67      96     275
      92    3021      63     100     308
      93    3021      57     112     306
      94    3021      77     100     320
      95    3021      67      96     295
      96    3021      63      97     290
      97    3021      57      96     275
      98    3021      77     100     308
      99    3021      67     112     306
     100    3021      63     100     320
